Amino acid 	P4 	P3 	P2 	P1 	P1' 	P2' 	P3' 	P4'
Gly 	27 	35 	14 	29 	29 	36 	17 	38
Pro 	39 	40 	13 	5 	15 	37 	66 	58
Ala 	37 	39 	21 	28 	68 	45 	32 	28
Val 	14 	31 	41 	11 	26 	25 	23 	20
Leu 	32 	32 	102 	16 	40 	24 	22 	20
Ile 	8 	12 	17 	4 	8 	21 	13 	13
Met 	10 	7 	9 	14 	7 	8 	10 	4
Phe 	8 	8 	10 	30 	10 	9 	7 	9
Tyr 	6 	6 	10 	24 	3 	3 	7 	8
Trp 	5 	10 	3 	9 	3 	3 	8 	3
Ser 	48 	32 	45 	45 	62 	45 	27 	31
Thr 	24 	19 	34 	36 	29 	22 	23 	28
Cys 	1 	1 	3 	3 	1 	1 	3 	2
Asn 	14 	10 	15 	17 	10 	15 	18 	15
Gln 	23 	22 	24 	25 	21 	30 	18 	21
Asp 	10 	7 	13 	10 	5 	8 	6 	12
Glu 	31 	32 	14 	23 	13 	38 	7 	20
Lys 	27 	40 	16 	47 	33 	27 	42 	27
Arg 	26 	23 	13 	39 	40 	17 	49 	22
His 	11 	8 	4 	15 	6 	6 	8 	10